0.000000e+00 1.876230e+17 
8.000000e-08 1.894993e+19 
1.600000e-07 9.664463e+20 
2.400000e-07 3.318132e+22 
3.200000e-07 8.627144e+23 
4.000000e-07 1.811700e+25 
4.800000e-07 3.200670e+26 
5.600000e-07 4.892453e+27 
6.400000e-07 6.604812e+28 
7.200000e-07 7.999161e+29 
8.000000e-07 8.799077e+30 
8.800000e-07 8.879069e+31 
9.600000e-07 8.287131e+32 
1.040000e-06 7.203429e+33 
1.120000e-06 5.865650e+34 
1.200000e-06 4.496998e+35 
1.280000e-06 3.260324e+36 
1.360000e-06 2.243870e+37 
1.440000e-06 1.470981e+38 
1.520000e-06 9.212988e+38 
1.600000e-06 5.527793e+39 
1.680000e-06 3.185062e+40 
1.760000e-06 1.766261e+41 
1.840000e-06 9.445659e+41 
1.920000e-06 4.880257e+42 
2.000000e-06 2.440129e+43 
2.080000e-06 1.182524e+44 
2.160000e-06 5.562242e+44 
2.240000e-06 2.542739e+45 
2.320000e-06 1.131080e+46 
2.400000e-06 4.901349e+46 
2.480000e-06 2.071215e+47 
2.560000e-06 8.543762e+47 
2.640000e-06 3.443395e+48 
2.720000e-06 1.357103e+49 
2.800000e-06 5.234539e+49 
2.880000e-06 1.977493e+50 
2.960000e-06 7.322067e+50 
3.040000e-06 2.659067e+51 
3.120000e-06 9.477186e+51 
3.200000e-06 3.317015e+52 
3.280000e-06 1.140730e+53 
3.360000e-06 3.856752e+53 
3.440000e-06 1.282594e+54 
3.520000e-06 4.197582e+54 
3.600000e-06 1.352554e+55 
3.680000e-06 4.292889e+55 
3.760000e-06 1.342670e+56 
3.840000e-06 4.139898e+56 
3.920000e-06 1.258867e+57 
4.000000e-06 3.776601e+57 
4.080000e-06 1.118170e+58 
4.160000e-06 3.268497e+58 
4.240000e-06 9.435472e+58 
4.320000e-06 2.690857e+59 
4.400000e-06 7.583324e+59 
4.480000e-06 2.112497e+60 
4.560000e-06 5.818633e+60 
4.640000e-06 1.585076e+61 
4.720000e-06 4.271645e+61 
4.800000e-06 1.139105e+62 
4.880000e-06 3.006491e+62 
4.960000e-06 7.855671e+62 
5.040000e-06 2.032499e+63 
5.120000e-06 5.208279e+63 
5.200000e-06 1.322101e+64 
5.280000e-06 3.325286e+64 
5.360000e-06 8.288398e+64 
5.440000e-06 2.047722e+65 
5.520000e-06 5.015435e+65 
5.600000e-06 1.218034e+66 
5.680000e-06 2.933575e+66 
5.760000e-06 7.007986e+66 
5.840000e-06 1.660797e+67 
5.920000e-06 3.905116e+67 
6.000000e-06 9.111938e+67 
6.080000e-06 2.110133e+68 
6.160000e-06 4.850565e+68 
6.240000e-06 1.106924e+69 
6.320000e-06 2.508093e+69 
6.400000e-06 5.643210e+69 
6.480000e-06 1.261014e+70 
6.560000e-06 2.798835e+70 
6.640000e-06 6.170926e+70 
6.720000e-06 1.351727e+71 
6.800000e-06 2.941993e+71 
6.880000e-06 6.362915e+71 
6.960000e-06 1.367661e+72 
7.040000e-06 2.921821e+72 
7.120000e-06 6.204767e+72 
7.200000e-06 1.309895e+73 
7.280000e-06 2.749341e+73 
7.360000e-06 5.737754e+73 
7.440000e-06 1.190738e+74 
7.520000e-06 2.457481e+74 
7.600000e-06 5.044303e+74 
7.680000e-06 1.029879e+75 
7.760000e-06 2.091609e+75 
7.840000e-06 4.225904e+75 
7.920000e-06 8.494494e+75 
